[{"input": "8\n0 13 28 30 17 20 22 1\n13 0 15 17 4 7 9 12\n28 15 0 32 11 22 24 27\n30 17 32 0 21 24 8 29\n17 4 11 21 0 11 13 16\n20 7 22 24 11 0 16 19\n22 9 24 8 13 16 0 21\n1 12 27 29 16 19 21 0\n", "output": "52\n"}, {"input": "2\n0 2\n2 0\n", "output": "2\n"}, {"input": "6\n0 40 12 14 5 28\n40 0 28 30 35 72\n12 28 0 2 7 16\n14 30 2 0 9 18\n5 35 7 9 0 23\n28 72 16 18 23 0\n", "output": "-1\n"}, {"input": "5\n0 2 2 1 2\n2 0 2 1 2\n2 2 0 1 2\n1 1 1 0 1\n2 2 2 1 0\n", "output": "4\n"}, {"input": "9\n0 2 1 3 2 6 5 3 4\n2 0 1 3 2 6 5 3 4\n1 1 0 2 1 5 4 2 3\n3 3 2 0 1 3 2 2 1\n2 2 1 1 0 4 3 1 2\n6 6 5 3 4 0 1 5 2\n5 5 4 2 3 1 0 4 1\n3 3 2 2 1 5 4 0 3\n4 4 3 1 2 2 1 3 0\n", "output": "8\n"}, {"input": "3\n0 9 7\n9 0 16\n7 16 0\n", "output": "16\n"}, {"input": "7\n0 2 7 4 7 6 1\n2 0 5 2 5 4 1\n7 5 0 3 2 1 6\n4 2 3 0 3 2 3\n7 5 2 3 0 1 6\n6 4 1 2 1 0 5\n1 1 6 3 6 5 0\n", "output": "8\n"}, {"input": "2\n0 3\n3 0\n", "output": "3\n"}, {"input": "10\n0 28 17 28 6 23 8 16 31 15\n28 0 13 10 22 5 20 12 3 13\n17 13 0 13 11 8 9 1 16 2\n28 10 13 0 22 5 20 12 13 13\n6 22 11 22 0 17 2 10 25 9\n23 5 8 5 17 0 15 7 8 8\n8 20 9 20 2 15 0 8 23 7\n16 12 1 12 10 7 8 0 15 1\n31 3 16 13 25 8 23 15 0 16\n15 13 2 13 9 8 7 1 16 0\n", "output": "37\n"}, {"input": "9\n0 41 56 24 74 80 72 7 59\n41 0 15 17 33 39 31 52 18\n56 15 0 32 48 54 46 49 33\n24 17 32 0 50 56 48 17 35\n74 33 48 50 0 10 2 67 15\n80 39 54 56 10 0 8 73 21\n72 31 46 48 2 8 0 65 13\n7 52 49 17 67 73 65 0 52\n59 18 33 35 15 21 13 52 0\n", "output": "-1\n"}, {"input": "4\n0 14 16 4\n14 0 2 10\n16 2 0 12\n4 10 12 0\n", "output": "16\n"}, {"input": "3\n0 2 3\n2 0 1\n3 1 0\n", "output": "3\n"}, {"input": "2\n0 4\n4 0\n", "output": "4\n"}, {"input": "10\n0 8 3 10 7 12 9 4 7 7\n8 0 5 10 1 4 9 4 7 7\n3 5 0 7 4 9 6 1 4 4\n10 10 7 0 9 14 11 6 9 3\n7 1 4 9 0 5 8 3 6 6\n12 4 9 14 5 0 13 8 11 11\n9 9 6 11 8 13 0 5 2 8\n4 4 1 6 3 8 5 0 3 3\n7 7 4 9 6 11 2 3 0 6\n7 7 4 3 6 11 8 3 6 0\n", "output": "23\n"}, {"input": "5\n0 4 4 6 3\n4 0 8 10 7\n4 8 0 2 7\n6 10 2 0 9\n3 7 7 9 0\n", "output": "13\n"}, {"input": "9\n0 15 7 1 8 21 14 21 18\n15 0 8 14 21 22 15 6 3\n7 8 0 6 13 14 7 14 11\n1 14 6 0 7 20 13 20 17\n8 21 13 7 0 27 20 27 24\n21 22 14 20 27 0 7 28 25\n14 15 7 13 20 7 0 21 18\n21 6 14 20 27 28 21 0 3\n18 3 11 17 24 25 18 3 0\n", "output": "42\n"}, {"input": "3\n0 3 16\n3 0 19\n16 19 0\n", "output": "19\n"}, {"input": "7\n0 1 1 2 2 2 1\n1 0 2 3 3 3 2\n1 2 0 1 3 3 2\n2 3 1 0 4 4 3\n2 3 3 4 0 2 1\n2 3 3 4 2 0 1\n1 2 2 3 1 1 0\n", "output": "6\n"}, {"input": "6\n0 6 14 9 14 8\n6 0 8 3 8 2\n14 8 0 11 16 6\n9 3 11 0 11 5\n14 8 16 11 0 10\n8 2 6 5 10 0\n", "output": "25\n"}, {"input": "10\n0 5 1 3 5 25 9 7 7 10\n5 0 4 6 8 7 12 2 10 5\n1 4 0 2 4 3 8 6 6 9\n3 6 2 0 6 5 10 8 8 11\n5 8 4 6 0 7 4 10 2 13\n25 7 3 5 7 0 11 9 9 12\n9 12 8 10 4 11 0 14 6 17\n7 2 6 8 10 9 14 0 12 3\n7 10 6 8 2 9 6 12 0 15\n10 5 9 11 13 12 17 3 15 0\n", "output": "-1\n"}, {"input": "6\n0 12 7 5 14 9\n12 0 9 7 16 11\n7 9 0 2 11 6\n5 7 2 0 9 4\n14 16 11 9 0 5\n9 11 6 4 5 0\n", "output": "23\n"}, {"input": "9\n0 25 10 50 32 49 30 37 21\n25 0 15 33 15 32 13 20 4\n10 15 0 40 22 39 20 27 11\n50 33 40 0 40 1 20 13 29\n32 15 22 40 0 39 20 27 11\n49 32 39 1 39 0 19 12 28\n30 13 20 20 20 19 0 7 9\n37 20 27 13 27 12 7 0 16\n21 4 11 29 11 28 9 16 0\n", "output": "65\n"}, {"input": "4\n0 4 2 3\n4 0 2 3\n2 2 0 1\n3 3 1 0\n", "output": "5\n"}, {"input": "3\n0 5 1\n5 0 6\n1 6 0\n", "output": "6\n"}, {"input": "7\n0 15 14 18 14 12 10\n15 0 9 13 9 7 5\n14 9 0 12 8 6 4\n18 13 12 0 4 10 29\n14 9 8 4 0 6 4\n12 7 6 10 6 0 2\n10 5 4 29 4 2 0\n", "output": "-1\n"}, {"input": "6\n0 31 23 11 3 19\n31 0 8 20 34 12\n23 8 0 12 26 4\n11 20 12 0 14 8\n3 34 26 14 0 22\n19 12 4 8 22 0\n", "output": "34\n"}, {"input": "5\n0 32 19 18 15\n32 0 51 50 17\n19 51 0 37 34\n18 50 37 0 33\n15 17 34 33 0\n", "output": "69\n"}, {"input": "9\n0 14 1 14 2 7 10 12 5\n14 0 15 4 12 7 4 2 9\n1 15 0 15 3 8 11 13 6\n14 4 15 0 12 7 4 2 9\n2 12 3 12 0 5 8 10 3\n7 7 8 7 5 0 3 5 2\n10 4 11 4 8 3 0 2 5\n12 2 13 2 10 5 2 0 7\n5 9 6 9 3 2 5 7 0\n", "output": "17\n"}, {"input": "8\n0 16 18 14 7 20 16 21\n16 0 6 2 9 4 4 9\n18 6 0 4 11 10 6 11\n14 2 4 0 7 6 2 7\n7 9 11 7 0 13 9 14\n20 4 10 6 13 0 8 13\n16 4 6 2 9 8 0 9\n21 9 11 7 14 13 9 0\n", "output": "33\n"}, {"input": "4\n0 15 13 24\n15 0 2 13\n13 2 0 11\n24 13 11 0\n", "output": "26\n"}, {"input": "8\n0 21 7 7 22 24 13 19\n21 0 28 14 43 45 34 2\n7 28 0 14 29 31 20 26\n7 14 14 0 29 31 20 12\n22 43 29 29 0 20 9 41\n24 45 31 31 20 0 11 43\n13 34 20 20 9 11 0 32\n19 2 26 12 41 43 32 0\n", "output": "61\n"}, {"input": "2\n0 6\n6 0\n", "output": "6\n"}, {"input": "6\n0 2 2 8 5 5\n2 0 4 10 7 3\n2 4 0 6 3 7\n8 10 6 0 3 13\n5 7 3 3 0 10\n5 3 7 13 10 0\n", "output": "13\n"}, {"input": "5\n0 6 11 8 2\n6 0 17 10 4\n11 17 0 19 13\n8 10 19 0 6\n2 4 13 6 0\n", "output": "23\n"}, {"input": "4\n0 37 14 22\n37 0 23 15\n14 23 0 8\n22 15 8 0\n", "output": "37\n"}, {"input": "3\n0 4 21\n4 0 17\n21 17 0\n", "output": "21\n"}, {"input": "8\n0 6 7 5 4 6 4 7\n6 0 5 3 2 4 10 5\n7 5 0 2 3 3 11 6\n5 3 2 0 1 1 9 4\n4 2 3 1 0 2 8 3\n6 4 3 1 2 0 10 5\n4 10 11 9 8 10 0 11\n7 5 6 4 3 5 11 0\n", "output": "17\n"}, {"input": "3\n0 6 13\n6 0 7\n13 7 0\n", "output": "13\n"}, {"input": "6\n0 9 1 2 18 2\n9 0 10 7 9 11\n1 10 0 3 19 1\n2 7 3 0 16 4\n18 9 19 16 0 20\n2 11 1 4 20 0\n", "output": "20\n"}, {"input": "7\n0 45 26 17 18 16 2\n45 0 33 24 25 19 5\n26 33 0 9 10 42 28\n17 24 9 0 1 33 19\n18 25 10 1 0 34 20\n16 19 42 33 34 0 14\n2 5 28 19 20 14 0\n", "output": "-1\n"}, {"input": "6\n0 4 20 9 14 17\n4 0 16 5 10 21\n20 16 0 30 26 37\n9 5 30 0 5 26\n14 10 26 5 0 31\n17 21 37 26 31 0\n", "output": "-1\n"}, {"input": "5\n0 3 3 5 1\n3 0 4 6 2\n3 4 0 6 2\n5 6 6 0 4\n1 2 2 4 0\n", "output": "9\n"}, {"input": "9\n0 30 19 10 18 6 26 15 19\n30 0 19 20 12 24 4 15 13\n19 19 0 9 7 13 15 4 8\n10 20 9 0 8 4 16 5 9\n18 12 7 8 0 12 8 3 1\n6 24 13 4 12 0 20 9 13\n26 4 15 16 8 20 0 11 9\n15 15 4 5 3 9 11 0 4\n19 13 8 9 1 13 9 4 0\n", "output": "35\n"}, {"input": "8\n0 11 6 8 19 12 14 11\n11 0 17 3 8 7 3 6\n6 17 0 14 25 18 20 17\n8 3 14 0 11 4 6 3\n19 8 25 11 0 15 11 14\n12 7 18 4 15 0 10 7\n14 3 20 6 11 10 0 9\n11 6 17 3 14 7 9 0\n", "output": "35\n"}, {"input": "7\n0 7 2 4 4 3 11\n7 0 5 7 11 10 4\n2 5 0 2 6 5 9\n4 7 2 0 8 7 11\n4 11 6 8 0 7 15\n3 10 5 7 7 0 14\n11 4 9 11 15 14 0\n", "output": "20\n"}, {"input": "6\n0 1 6 7 4 8\n1 0 7 8 5 9\n6 7 0 13 10 2\n7 8 13 0 3 20\n4 5 10 3 0 12\n8 9 2 20 12 0\n", "output": "-1\n"}, {"input": "10\n0 24 10 33 15 12 17 6 32 23\n24 0 14 9 27 16 7 18 8 13\n10 14 0 23 13 2 7 4 22 13\n33 9 23 0 36 25 16 27 1 22\n15 27 13 36 0 15 20 9 35 26\n12 16 2 25 15 0 9 6 24 15\n17 7 7 16 20 9 0 11 15 6\n6 18 4 27 9 6 11 0 26 17\n32 8 22 1 35 24 15 26 0 21\n23 13 13 22 26 15 6 17 21 0\n", "output": "50\n"}, {"input": "5\n0 20 14 3 12\n20 0 34 25 8\n14 34 0 17 26\n3 25 17 0 15\n12 8 26 15 0\n", "output": "-1\n"}, {"input": "8\n0 36 12 53 10 17 50 50\n36 0 24 17 46 19 14 14\n12 24 0 41 22 5 38 38\n53 17 41 0 63 36 31 3\n10 46 22 63 0 27 60 60\n17 19 5 36 27 0 33 33\n50 14 38 31 60 33 0 28\n50 14 38 3 60 33 28 0\n", "output": "77\n"}, {"input": "5\n0 5 2 1 4\n5 0 7 6 9\n2 7 0 1 6\n1 6 1 0 5\n4 9 6 5 0\n", "output": "11\n"}]