[{"input": "LFPBAVJSM PDTLKFWN FMB HPTDSWSOUL\nPDTLKFWN HPTDSWSOUL 0.280 0.292 0.428\nPDTLKFWN FMB 0.418 0.328 0.254\nFMB HPTDSWSOUL 0.542 0.097 0.361\nLFPBAVJSM PDTLKFWN 0.625 0.002 0.373\nLFPBAVJSM HPTDSWSOUL 0.529 0.015 0.456\nLFPBAVJSM FMB 0.544 0.453 0.003\n", "output": "0.7097084911\n0.4398959884\n0.3697687850\n0.4806267355\n"}, {"input": "BPPZFSNCQ ZMUWRCV XSCIUC USSKCJHAAN\nBPPZFSNCQ XSCIUC 0.086 0.892 0.022\nBPPZFSNCQ USSKCJHAAN 0.409 0.429 0.162\nZMUWRCV USSKCJHAAN 0.392 0.059 0.549\nZMUWRCV XSCIUC 0.271 0.592 0.137\nXSCIUC USSKCJHAAN 0.000 1.000 0.000\nBPPZFSNCQ ZMUWRCV 0.691 0.219 0.090\n", "output": "0.8162501938\n0.4223136911\n0.2009472290\n0.5604888862\n"}, {"input": "OKALGQJ YIJYIZYIHD IAPPBGV XZEVYKAV\nOKALGQJ XZEVYKAV 0.933 0.049 0.018\nYIJYIZYIHD XZEVYKAV 0.329 0.475 0.196\nOKALGQJ IAPPBGV 0.565 0.005 0.430\nIAPPBGV XZEVYKAV 0.316 0.327 0.357\nOKALGQJ YIJYIZYIHD 0.420 0.238 0.342\nYIJYIZYIHD IAPPBGV 0.408 0.272 0.320\n", "output": "0.7819052210\n0.5439086445\n0.4527819388\n0.2214041957\n"}, {"input": "E IADJOQZVO JYBXBJR PXGOOSOP\nE PXGOOSOP 0.303 0.273 0.424\nJYBXBJR PXGOOSOP 0.000 0.000 1.000\nIADJOQZVO PXGOOSOP 0.283 0.671 0.046\nE IADJOQZVO 0.345 0.444 0.211\nE JYBXBJR 0.576 0.361 0.063\nIADJOQZVO JYBXBJR 0.715 0.032 0.253\n", "output": "0.5730887199\n0.6273344024\n0.0722635081\n0.7273133696\n"}, {"input": "QQUYHCOWD QLWFIDNXLT IUJITHUB YZ\nQQUYHCOWD YZ 0.824 0.156 0.020\nQLWFIDNXLT YZ 0.000 1.000 0.000\nQLWFIDNXLT IUJITHUB 0.822 0.104 0.074\nQQUYHCOWD QLWFIDNXLT 0.710 0.149 0.141\nQQUYHCOWD IUJITHUB 0.058 0.660 0.282\nIUJITHUB YZ 0.946 0.043 0.011\n", "output": "0.8314192005\n0.5138627521\n0.6368190140\n0.0178990335\n"}, {"input": "LHPNMRKBL AFXAPSL CCDPLMQUKQ XWIXJTLE\nLHPNMRKBL CCDPLMQUKQ 0.467 0.011 0.522\nLHPNMRKBL XWIXJTLE 0.049 0.421 0.530\nCCDPLMQUKQ XWIXJTLE 0.426 0.390 0.184\nAFXAPSL XWIXJTLE 0.143 0.493 0.364\nLHPNMRKBL AFXAPSL 0.358 0.620 0.022\nAFXAPSL CCDPLMQUKQ 0.908 0.056 0.036\n", "output": "0.4285649767\n0.6109907589\n0.3715582736\n0.5888859908\n"}, {"input": "JVXLJTO MGJNDLWOYJ TTAKHZVZ IHJDH\nMGJNDLWOYJ IHJDH 0.286 0.116 0.598\nJVXLJTO IHJDH 0.000 1.000 0.000\nJVXLJTO MGJNDLWOYJ 1.000 0.000 0.000\nJVXLJTO TTAKHZVZ 0.389 0.516 0.095\nTTAKHZVZ IHJDH 0.166 0.719 0.115\nMGJNDLWOYJ TTAKHZVZ 0.340 0.286 0.374\n", "output": "0.9184111914\n0.1934687022\n0.3424218825\n0.5456982239\n"}, {"input": "WMIWK OQQ PVMGDVW ANMQFCPPSR\nPVMGDVW ANMQFCPPSR 0.794 0.156 0.050\nWMIWK PVMGDVW 0.877 0.046 0.077\nWMIWK OQQ 0.900 0.049 0.051\nOQQ PVMGDVW 0.998 0.001 0.001\nWMIWK ANMQFCPPSR 0.729 0.203 0.068\nOQQ ANMQFCPPSR 0.907 0.068 0.025\n", "output": "0.9565102571\n0.9580511008\n0.0621990304\n0.0232396117\n"}, {"input": "MWQMPFOWY RIVRKJIARW X BFQVN\nRIVRKJIARW X 1.000 0.000 0.000\nMWQMPFOWY X 0.505 0.303 0.192\nMWQMPFOWY BFQVN 1.000 0.000 0.000\nX BFQVN 0.126 0.560 0.314\nRIVRKJIARW BFQVN 0.058 0.266 0.676\nMWQMPFOWY RIVRKJIARW 0.599 0.250 0.151\n", "output": "0.9178007378\n0.4569495838\n0.1118078988\n0.5134417797\n"}, {"input": "NCMEXSSL SUWY MCAFATP NZV\nNCMEXSSL NZV 0.382 0.458 0.160\nNCMEXSSL SUWY 0.741 0.045 0.214\nMCAFATP NZV 0.182 0.666 0.152\nSUWY NZV 0.221 0.243 0.536\nNCMEXSSL MCAFATP 0.074 0.520 0.406\nSUWY MCAFATP 0.722 0.061 0.217\n", "output": "0.6519331844\n0.4204775176\n0.4186396263\n0.5089496717\n"}, {"input": "MLUUXP ZHGAADLTQ P KBTEYLA\nMLUUXP KBTEYLA 0.901 0.026 0.073\nP KBTEYLA 0.346 0.171 0.483\nZHGAADLTQ P 1.000 0.000 0.000\nMLUUXP ZHGAADLTQ 0.679 0.021 0.300\nZHGAADLTQ KBTEYLA 0.720 0.099 0.181\nMLUUXP P 0.061 0.567 0.372\n", "output": "0.7720856701\n0.8228122309\n0.2129405440\n0.1921615550\n"}, {"input": "YHCNCFSEPQ IMKAXKVL QWZXUBAZN PYNAM\nQWZXUBAZN PYNAM 0.259 0.149 0.592\nYHCNCFSEPQ PYNAM 0.583 0.129 0.288\nIMKAXKVL PYNAM 0.902 0.064 0.034\nIMKAXKVL QWZXUBAZN 0.809 0.163 0.028\nYHCNCFSEPQ QWZXUBAZN 0.507 0.285 0.208\nYHCNCFSEPQ IMKAXKVL 0.781 0.084 0.135\n", "output": "0.7768487761\n0.8524846452\n0.1324820105\n0.2381845683\n"}, {"input": "ORBD GSKUVT RRHTWBKNO IKGCODYSC\nORBD IKGCODYSC 0.154 0.516 0.330\nRRHTWBKNO IKGCODYSC 0.579 0.271 0.150\nORBD RRHTWBKNO 1.000 0.000 0.000\nORBD GSKUVT 1.000 0.000 0.000\nGSKUVT IKGCODYSC 0.447 0.493 0.060\nGSKUVT RRHTWBKNO 0.234 0.444 0.322\n", "output": "0.9970436422\n0.3001271398\n0.4212129698\n0.2816162482\n"}, {"input": "JMNSERWT JVDFQKIRM DETEFA VWUUW\nJMNSERWT VWUUW 0.611 0.152 0.237\nJVDFQKIRM DETEFA 0.000 1.000 0.000\nJMNSERWT DETEFA 1.000 0.000 0.000\nJVDFQKIRM VWUUW 0.408 0.208 0.384\nDETEFA VWUUW 0.993 0.001 0.006\nJMNSERWT JVDFQKIRM 0.279 0.381 0.340\n", "output": "0.8516001249\n0.4871903920\n0.5098020398\n0.1514074433\n"}, {"input": "VWUQJT ZCSALKX OPWVUXAVEI KEIEJM\nOPWVUXAVEI KEIEJM 0.191 0.344 0.465\nZCSALKX KEIEJM 0.042 0.698 0.260\nVWUQJT ZCSALKX 0.948 0.018 0.034\nVWUQJT KEIEJM 0.919 0.068 0.013\nZCSALKX OPWVUXAVEI 0.705 0.202 0.093\nVWUQJT OPWVUXAVEI 0.380 0.432 0.188\n", "output": "0.9730778994\n0.3854429170\n0.2306978596\n0.4107813240\n"}, {"input": "LOGF QWEGGCFT VDFCYCV QZRGDAS\nQWEGGCFT QZRGDAS 0.966 0.024 0.010\nVDFCYCV QZRGDAS 0.224 0.244 0.532\nLOGF VDFCYCV 0.515 0.458 0.027\nQWEGGCFT VDFCYCV 0.861 0.013 0.126\nLOGF QWEGGCFT 0.464 0.479 0.057\nLOGF QZRGDAS 0.750 0.136 0.114\n", "output": "0.8859542686\n0.8965367635\n0.1065251877\n0.1109837802\n"}, {"input": "GJGR FWKHQ N Z\nGJGR Z 0.993 0.004 0.003\nFWKHQ N 0.002 0.846 0.152\nFWKHQ Z 0.589 0.327 0.084\nN Z 0.029 0.490 0.481\nGJGR FWKHQ 0.851 0.085 0.064\nGJGR N 0.288 0.323 0.389\n", "output": "0.9501452901\n0.4191901071\n0.4348665762\n0.1957980265\n"}, {"input": "WT PHCWTPHV IGJ QSONBAUT\nWT QSONBAUT 0.898 0.058 0.044\nIGJ QSONBAUT 1.000 0.000 0.000\nWT PHCWTPHV 0.992 0.004 0.004\nPHCWTPHV QSONBAUT 0.000 0.000 1.000\nWT IGJ 0.456 0.223 0.321\nPHCWTPHV IGJ 0.719 0.272 0.009\n", "output": "0.9678819077\n0.1029219422\n0.7514019530\n0.1777941970\n"}, {"input": "RLVIES ZTV ENFQMKCM U\nENFQMKCM U 0.997 0.002 0.001\nZTV ENFQMKCM 0.279 0.674 0.047\nRLVIES U 0.389 0.412 0.199\nZTV U 1.000 0.000 0.000\nRLVIES ZTV 0.690 0.208 0.102\nRLVIES ENFQMKCM 0.298 0.267 0.435\n", "output": "0.6233849939\n0.6470906835\n0.7274320116\n0.0020923110\n"}, {"input": "TCJBJLBTJF V DQUTUWZV GQRQTRVXW\nTCJBJLBTJF GQRQTRVXW 0.354 0.119 0.527\nDQUTUWZV GQRQTRVXW 0.555 0.312 0.133\nTCJBJLBTJF V 0.187 0.292 0.521\nTCJBJLBTJF DQUTUWZV 0.748 0.244 0.008\nV DQUTUWZV 0.823 0.150 0.027\nV GQRQTRVXW 0.662 0.043 0.295\n", "output": "0.5906696265\n0.8617472246\n0.1666744324\n0.3809087165\n"}, {"input": "JYIQOEBCN SDEGXN AUH TULHRINFZR\nSDEGXN TULHRINFZR 0.802 0.181 0.017\nSDEGXN AUH 0.004 0.396 0.600\nJYIQOEBCN AUH 0.452 0.217 0.331\nJYIQOEBCN SDEGXN 0.088 0.090 0.822\nJYIQOEBCN TULHRINFZR 0.571 0.063 0.366\nAUH TULHRINFZR 0.247 0.444 0.309\n", "output": "0.3860127182\n0.8215911831\n0.5537872512\n0.2386088475\n"}, {"input": "AHQGPXBIW UXRJETAKPY APKPOX UJZNBOTH\nAHQGPXBIW UXRJETAKPY 0.660 0.142 0.198\nUXRJETAKPY UJZNBOTH 0.891 0.010 0.099\nAHQGPXBIW APKPOX 0.979 0.003 0.018\nUXRJETAKPY APKPOX 0.300 0.681 0.019\nAPKPOX UJZNBOTH 0.609 0.369 0.022\nAHQGPXBIW UJZNBOTH 0.862 0.099 0.039\n", "output": "0.9768741176\n0.7705796207\n0.2006271185\n0.0519191432\n"}, {"input": "YDYAMRB AUHF MP YR\nYDYAMRB YR 0.000 0.000 1.000\nMP YR 0.493 0.305 0.202\nAUHF MP 0.467 0.511 0.022\nYDYAMRB AUHF 0.480 0.181 0.339\nAUHF YR 0.662 0.116 0.222\nYDYAMRB MP 0.864 0.079 0.057\n", "output": "0.5264423653\n0.6807567916\n0.2265619941\n0.5662388491\n"}, {"input": "K JPROF AENO PWS\nJPROF AENO 0.125 0.376 0.499\nJPROF PWS 0.983 0.009 0.008\nK PWS 0.026 0.608 0.366\nAENO PWS 0.812 0.166 0.022\nK JPROF 0.000 1.000 0.000\nK AENO 0.189 0.443 0.368\n", "output": "0.1861446718\n0.8902798596\n0.8642807315\n0.0592947371\n"}, {"input": "BEJRRLBCI TAHOVG DDRQ TVENMOPGE\nDDRQ TVENMOPGE 0.611 0.131 0.258\nTAHOVG DDRQ 0.432 0.053 0.515\nBEJRRLBCI DDRQ 1.000 0.000 0.000\nBEJRRLBCI TAHOVG 0.536 0.039 0.425\nBEJRRLBCI TVENMOPGE 0.069 0.705 0.226\nTAHOVG TVENMOPGE 0.395 0.468 0.137\n", "output": "0.7642284903\n0.5293963739\n0.3797505983\n0.3266245375\n"}, {"input": "RAQ OBFINXU UWCRHJC GIGYMGPPD\nUWCRHJC GIGYMGPPD 0.000 1.000 0.000\nOBFINXU UWCRHJC 0.067 0.540 0.393\nRAQ GIGYMGPPD 0.262 0.297 0.441\nOBFINXU GIGYMGPPD 0.921 0.062 0.017\nRAQ OBFINXU 0.000 0.000 1.000\nRAQ UWCRHJC 0.808 0.183 0.009\n", "output": "0.4349078735\n0.9794664544\n0.2324104159\n0.3532152562\n"}, {"input": "IJCWPCF NLAQ DJF PXZRBB\nNLAQ DJF 0.701 0.060 0.239\nIJCWPCF PXZRBB 1.000 0.000 0.000\nDJF PXZRBB 0.410 0.293 0.297\nNLAQ PXZRBB 0.516 0.242 0.242\nIJCWPCF NLAQ 0.712 0.228 0.060\nIJCWPCF DJF 0.567 0.313 0.120\n", "output": "0.9644189908\n0.5800404786\n0.2851563251\n0.1703842055\n"}, {"input": "YBKPU BW UO JCQURZ\nBW UO 0.000 1.000 0.000\nYBKPU BW 0.320 0.400 0.280\nYBKPU UO 0.144 0.101 0.755\nYBKPU JCQURZ 0.627 0.038 0.335\nUO JCQURZ 1.000 0.000 0.000\nBW JCQURZ 0.972 0.019 0.009\n", "output": "0.3256782284\n0.7705891567\n0.8961541888\n0.0075784261\n"}, {"input": "SPVFVLXCZ TPO BEDF CJMNNXG\nBEDF CJMNNXG 1.000 0.000 0.000\nTPO CJMNNXG 0.850 0.107 0.043\nTPO BEDF 0.420 0.460 0.120\nSPVFVLXCZ BEDF 0.239 0.350 0.411\nSPVFVLXCZ TPO 0.097 0.440 0.463\nSPVFVLXCZ CJMNNXG 0.418 0.487 0.095\n", "output": "0.3473475560\n0.8745786481\n0.7552043927\n0.0228694032\n"}, {"input": "DOTCW CW AJKADXQV VWGM\nAJKADXQV VWGM 0.850 0.071 0.079\nCW AJKADXQV 1.000 0.000 0.000\nCW VWGM 0.909 0.018 0.073\nDOTCW CW 0.000 0.000 1.000\nDOTCW VWGM 0.511 0.235 0.254\nDOTCW AJKADXQV 0.036 0.163 0.801\n", "output": "0.0862645568\n0.9957565299\n0.8356497795\n0.0823291338\n"}, {"input": "PGF XXCGCK SFGEXLICJ TNHV\nPGF SFGEXLICJ 0.526 0.385 0.089\nPGF XXCGCK 0.000 1.000 0.000\nXXCGCK SFGEXLICJ 0.000 0.000 1.000\nPGF TNHV 0.000 1.000 0.000\nXXCGCK TNHV 0.330 0.164 0.506\nSFGEXLICJ TNHV 0.946 0.021 0.033\n", "output": "0.5909960153\n0.1638271103\n0.9738325840\n0.2713442903\n"}, {"input": "FTM CMCLGYQAOJ LBOTZT JGLSMCILV\nLBOTZT JGLSMCILV 0.430 0.484 0.086\nFTM LBOTZT 0.788 0.004 0.208\nCMCLGYQAOJ JGLSMCILV 1.000 0.000 0.000\nFTM JGLSMCILV 0.644 0.048 0.308\nFTM CMCLGYQAOJ 0.600 0.191 0.209\nCMCLGYQAOJ LBOTZT 0.545 0.020 0.435\n", "output": "0.8041970877\n0.6767691246\n0.4177359709\n0.1012978168\n"}, {"input": "W QEYJCUKHSM MTESYOQ ISFXQFGW\nW MTESYOQ 0.000 0.000 1.000\nQEYJCUKHSM ISFXQFGW 0.879 0.006 0.115\nQEYJCUKHSM MTESYOQ 0.619 0.169 0.212\nW QEYJCUKHSM 0.477 0.367 0.156\nW ISFXQFGW 0.794 0.172 0.034\nMTESYOQ ISFXQFGW 0.301 0.606 0.093\n", "output": "0.5122665106\n0.7098029716\n0.7013109160\n0.0766196018\n"}, {"input": "QVUQZ GA RFDDLAK ENDCXNA\nQVUQZ RFDDLAK 0.000 0.000 1.000\nQVUQZ GA 0.016 0.047 0.937\nGA ENDCXNA 0.035 0.422 0.543\nQVUQZ ENDCXNA 0.002 0.501 0.497\nGA RFDDLAK 0.912 0.013 0.075\nRFDDLAK ENDCXNA 0.720 0.196 0.084\n", "output": "0.0046493723\n0.8598811406\n0.7347076201\n0.4007618670\n"}, {"input": "LMFFIACFT LLE ZDCKD WIIVAW\nLMFFIACFT WIIVAW 1.000 0.000 0.000\nZDCKD WIIVAW 0.444 0.237 0.319\nLMFFIACFT ZDCKD 0.783 0.073 0.144\nLLE ZDCKD 0.000 0.000 1.000\nLMFFIACFT LLE 0.083 0.835 0.082\nLLE WIIVAW 0.296 0.675 0.029\n", "output": "0.9495689044\n0.1496641777\n0.7024879985\n0.1982789194\n"}, {"input": "XAN BTGPBK XVNKJAYG MMZQITQZJ\nBTGPBK XVNKJAYG 0.061 0.738 0.201\nBTGPBK MMZQITQZJ 0.442 0.070 0.488\nXAN BTGPBK 0.000 0.000 1.000\nXAN XVNKJAYG 0.000 0.000 1.000\nXVNKJAYG MMZQITQZJ 0.768 0.106 0.126\nXAN MMZQITQZJ 0.429 0.244 0.327\n", "output": "0.0112582178\n0.7278635381\n0.9391407390\n0.3217375050\n"}, {"input": "NW TGN UBGSB YRXVEXWC\nUBGSB YRXVEXWC 0.367 0.429 0.204\nNW YRXVEXWC 0.613 0.076 0.311\nNW TGN 1.000 0.000 0.000\nTGN UBGSB 0.011 0.656 0.333\nTGN YRXVEXWC 0.476 0.137 0.387\nNW UBGSB 0.695 0.120 0.185\n", "output": "0.9154143854\n0.2055073234\n0.4918398301\n0.3872384612\n"}, {"input": "ENYQKKCAFP K B ILOSN\nENYQKKCAFP K 0.484 0.064 0.452\nK ILOSN 0.443 0.067 0.490\nB ILOSN 0.608 0.270 0.122\nK B 0.334 0.000 0.666\nENYQKKCAFP ILOSN 0.501 0.443 0.056\nENYQKKCAFP B 0.167 0.377 0.456\n", "output": "0.5486114777\n0.4067482324\n0.7683811158\n0.2762591742\n"}, {"input": "QBGCDZGJOZ WLEFWBU DTP BT\nQBGCDZGJOZ WLEFWBU 0.091 0.585 0.324\nQBGCDZGJOZ BT 0.315 0.659 0.026\nDTP BT 0.000 0.000 1.000\nQBGCDZGJOZ DTP 0.996 0.002 0.002\nWLEFWBU BT 1.000 0.000 0.000\nWLEFWBU DTP 0.918 0.019 0.063\n", "output": "0.8671625679\n0.9808910705\n0.0008805251\n0.1510658364\n"}, {"input": "IWPCFSMZEN VPDF PNDU I\nPNDU I 0.116 0.590 0.294\nIWPCFSMZEN VPDF 0.314 0.638 0.048\nVPDF PNDU 0.897 0.071 0.032\nIWPCFSMZEN I 0.697 0.168 0.135\nVPDF I 0.586 0.049 0.365\nIWPCFSMZEN PNDU 0.794 0.043 0.163\n", "output": "0.8579649193\n0.7107904980\n0.0941669791\n0.3370776036\n"}, {"input": "VKPO IMJIXD CCMTJTCLOX GRWVMWYO\nIMJIXD GRWVMWYO 0.145 0.096 0.759\nVKPO IMJIXD 0.043 0.467 0.490\nCCMTJTCLOX GRWVMWYO 0.439 0.274 0.287\nVKPO CCMTJTCLOX 0.133 0.137 0.730\nIMJIXD CCMTJTCLOX 0.437 0.022 0.541\nVKPO GRWVMWYO 0.714 0.202 0.084\n", "output": "0.3670718310\n0.4432491358\n0.7111999381\n0.4784790950\n"}, {"input": "LCBEKFMS PIP J HZDXBD\nLCBEKFMS HZDXBD 0.700 0.179 0.121\nPIP J 0.342 0.629 0.029\nPIP HZDXBD 0.884 0.068 0.048\nJ HZDXBD 0.096 0.850 0.054\nLCBEKFMS PIP 0.426 0.160 0.414\nLCBEKFMS J 1.000 0.000 0.000\n", "output": "0.9328439034\n0.9071514199\n0.0415677582\n0.1184369184\n"}, {"input": "CLIBLY YQC XVIEOTJ OTI\nCLIBLY OTI 0.862 0.039 0.099\nCLIBLY XVIEOTJ 0.246 0.376 0.378\nXVIEOTJ OTI 0.000 1.000 0.000\nYQC XVIEOTJ 0.461 0.451 0.088\nYQC OTI 0.551 0.152 0.297\nCLIBLY YQC 0.527 0.359 0.114\n", "output": "0.8050030436\n0.5977309943\n0.3461704679\n0.2510954942\n"}, {"input": "SDURQRQDVM G P CKTQ\nG P 0.730 0.215 0.055\nG CKTQ 0.956 0.013 0.031\nSDURQRQDVM G 0.104 0.436 0.460\nP CKTQ 0.768 0.084 0.148\nSDURQRQDVM CKTQ 0.506 0.445 0.049\nSDURQRQDVM P 1.000 0.000 0.000\n", "output": "0.9277365650\n0.9478720439\n0.0798318311\n0.0445595600\n"}, {"input": "QZCG TMNZZDSJKK EZHVHIUIOW NBFB\nTMNZZDSJKK EZHVHIUIOW 0.955 0.026 0.019\nQZCG TMNZZDSJKK 0.471 0.004 0.525\nTMNZZDSJKK NBFB 0.000 0.000 1.000\nQZCG EZHVHIUIOW 0.049 0.184 0.767\nQZCG NBFB 0.693 0.109 0.198\nEZHVHIUIOW NBFB 0.133 0.056 0.811\n", "output": "0.4336496103\n0.5221503779\n0.1725381527\n0.8716618592\n"}, {"input": "DMBANIMS JJ LVR UJYDWPLHEY\nJJ LVR 0.596 0.358 0.046\nLVR UJYDWPLHEY 0.352 0.292 0.356\nJJ UJYDWPLHEY 0.555 0.350 0.095\nDMBANIMS UJYDWPLHEY 0.893 0.083 0.024\nDMBANIMS JJ 0.208 0.508 0.284\nDMBANIMS LVR 0.624 0.180 0.196\n", "output": "0.8359874471\n0.8046425038\n0.2218074377\n0.1375626115\n"}, {"input": "TEJPSF YIPLMYYZU T YMTKCMVVOE\nTEJPSF YIPLMYYZU 0.055 0.408 0.537\nYIPLMYYZU T 0.589 0.017 0.394\nTEJPSF YMTKCMVVOE 0.366 0.179 0.455\nTEJPSF T 1.000 0.000 0.000\nT YMTKCMVVOE 1.000 0.000 0.000\nYIPLMYYZU YMTKCMVVOE 0.798 0.118 0.084\n", "output": "0.6836267356\n0.7793345720\n0.4192755254\n0.1177631670\n"}, {"input": "JOUN VMHMCQ ZBGAIZWO I\nZBGAIZWO I 0.026 0.898 0.076\nVMHMCQ ZBGAIZWO 0.888 0.098 0.014\nJOUN I 0.870 0.037 0.093\nJOUN ZBGAIZWO 0.688 0.120 0.192\nJOUN VMHMCQ 0.821 0.104 0.075\nVMHMCQ I 0.438 0.312 0.250\n", "output": "0.9393702040\n0.6946950731\n0.1019112941\n0.2640234289\n"}, {"input": "AJCC WQNQM HMERPVJYF PXWPXYLDZ\nAJCC HMERPVJYF 0.000 0.000 1.000\nAJCC WQNQM 0.000 1.000 0.000\nAJCC PXWPXYLDZ 1.000 0.000 0.000\nWQNQM HMERPVJYF 0.149 0.788 0.063\nHMERPVJYF PXWPXYLDZ 0.554 0.154 0.292\nWQNQM PXWPXYLDZ 0.903 0.046 0.051\n", "output": "0.2557568613\n0.8852090000\n0.8317350693\n0.0272990693\n"}, {"input": "O ERVHVV IHCUYJTMQ AAIGVAHH\nERVHVV IHCUYJTMQ 1.000 0.000 0.000\nIHCUYJTMQ AAIGVAHH 0.461 0.395 0.144\nO IHCUYJTMQ 0.729 0.072 0.199\nO AAIGVAHH 0.990 0.009 0.001\nERVHVV AAIGVAHH 0.134 0.428 0.438\nO ERVHVV 0.855 0.015 0.130\n", "output": "0.9617171292\n0.5784811238\n0.1884445010\n0.2713572460\n"}]