[{"input": "8 4 8\n1 9 4 8\n9 3 4 5\n7 3 8 3\n6 9 2 4\n1 9 9 9\n3 7 8 7\n1 6 6 5\n9 7 5 4\n5 2 2 4 2 1 2 2\n", "output": "5 6 8 9 9 1 3 1\n4 5 7 9 7 6 7 9\n2 8 4 4 6 7 9 1\n4 3 5 8 9 3 3 9\n"}, {"input": "8 2 4\n2 1\n3 1\n3 2\n3 3\n2 2\n2 2\n1 1\n3 3\n4 1 5 5\n", "output": "2 2 1 3 1 1 2 3\n2 2 1 3 2 3 3 3\n"}, {"input": "4 4 1\n7 5 7 1\n3 4 2 5\n8 2 3 7\n10 4 9 4\n4\n", "output": "1 5 7 4\n7 2 3 9\n5 4 2 4\n7 3 8 10\n"}, {"input": "2 2 9\n1 4\n6 5\n1 4 6 3 3 6 4 1 5\n", "output": "4 5\n1 6\n"}, {"input": "8 2 5\n1 1\n1 2\n2 1\n2 1\n1 2\n2 2\n1 1\n2 2\n2 1 3 3 3\n", "output": "2 1 2 1 2 2 1 1\n2 1 2 2 1 1 2 1\n"}, {"input": "8 10 8\n4 2 3 1 1 2 1 2 5 7\n5 4 5 5 6 5 8 7 7 3\n4 2 7 3 2 7 7 2 6 4\n8 8 8 4 2 8 5 2 6 2\n6 2 6 1 7 1 7 6 2 8\n6 3 2 4 8 8 8 1 8 1\n2 2 5 5 7 3 1 1 4 8\n3 4 2 3 6 1 5 1 8 7\n4 6 2 4 2 6 4 6\n", "output": "1 6 2 2 7 3 4 2\n1 5 3 4 5 7 6 6\n3 5 7 8 2 7 2 2\n2 4 2 8 1 8 7 5\n4 5 4 8 2 5 7 8\n7 8 7 6 8 1 8 7\n1 4 5 3 2 8 4 8\n6 2 5 2 6 1 1 1\n2 3 2 4 7 8 1 5\n6 6 2 3 1 8 3 1\n"}, {"input": "4 4 8\n4 2 4 4\n4 4 3 1\n1 2 2 1\n2 1 2 2\n3 1 6 4 1 4 4 1\n", "output": "2 2 3 1\n2 1 4 4\n2 1 4 4\n1 2 4 2\n"}, {"input": "10 6 1\n69 91 37 26 100 25\n1 24 42 81 79 11\n8 2 9 16 16 66\n28 22 48 37 2 84\n65 96 96 93 9 82\n61 27 61 63 77 9\n31 4 43 57 5 76\n20 87 25 55 54 11\n27 57 53 95 50 67\n13 62 31 23 57 39\n2\n", "output": "25 100 26 37 91 69\n11 79 81 42 24 1\n66 16 16 9 2 8\n84 2 37 48 22 28\n82 9 93 96 96 65\n9 77 63 61 27 61\n76 5 57 43 4 31\n11 54 55 25 87 20\n67 50 95 53 57 27\n39 57 23 31 62 13\n"}, {"input": "8 4 7\n5 3 6 7\n2 5 1 5\n6 7 2 1\n5 1 3 3\n5 7 1 2\n5 6 3 7\n4 5 5 4\n2 5 6 2\n1 4 4 3 5 6 4\n", "output": "7 6 3 5\n5 1 5 2\n1 2 7 6\n3 3 1 5\n2 1 7 5\n7 3 6 5\n4 5 5 4\n2 6 5 2\n"}, {"input": "6 6 1\n8 2 7 3 5 7\n7 9 3 7 3 1\n7 9 1 7 7 8\n1 8 5 3 7 5\n8 9 8 9 4 3\n8 6 2 1 1 8\n4\n", "output": "7 1 8 5 3 8\n5 3 7 7 4 1\n3 7 7 3 9 1\n7 3 1 5 8 2\n2 9 9 8 9 6\n8 7 7 1 8 8\n"}, {"input": "2 2 6\n6 1\n3 4\n3 4 2 1 2 5\n", "output": "6 3\n1 4\n"}, {"input": "10 2 4\n1 2\n1 1\n2 2\n2 1\n1 1\n2 2\n1 2\n1 2\n2 2\n1 1\n6 5 3 2\n", "output": "1 1 2 2 1 2 1 1 2 1\n2 1 2 1 1 2 2 2 2 1\n"}, {"input": "8 10 10\n1 2 2 1 4 4 2 4 1 1\n1 4 7 3 5 4 4 6 2 2\n4 5 4 4 6 3 6 5 7 6\n6 2 1 6 3 6 1 1 7 7\n7 4 7 1 5 4 1 5 7 5\n3 6 5 7 5 2 7 7 6 5\n5 1 5 3 1 2 1 1 2 6\n4 5 3 1 6 4 3 5 5 4\n5 5 1 3 5 1 2 4 6 6\n", "output": "5 7 5 1 4 1 1 4 2 4\n5 6 7 7 2 2 2 6 4 4\n6 2 1 1 2 6 7 5 6 3\n4 5 5 3 4 7 7 1 1 6\n5 1 7 4 7 4 1 2 2 1\n5 7 5 6 3 5 3 7 4 1\n1 3 5 1 5 6 4 4 5 4\n6 1 3 5 4 3 6 1 2 6\n"}, {"input": "6 8 7\n2 1 3 3 3 3 2 3\n1 2 3 1 2 3 3 1\n2 1 2 2 2 3 1 2\n1 2 2 3 3 1 2 3\n3 3 1 2 1 1 2 2\n1 3 1 3 2 3 2 2\n5 3 6 1 2 4 5\n", "output": "2 1 3 2 2 2 3 2\n1 3 3 2 2 2 1 1\n3 2 3 3 3 2 1 3\n2 2 1 2 3 1 3 1\n1 3 2 1 2 1 3 3\n3 3 1 2 3 2 2 1\n"}, {"input": "2 8 3\n4 4 9 9 10 8 1 8\n6 6 6 7 9 3 4 9\n1 4 6\n", "output": "8 9\n1 9\n8 4\n10 4\n9 7\n4 6\n3 6\n9 6\n"}, {"input": "8 6 7\n2 3 6 6 1 3\n1 3 6 3 5 4\n5 3 6 4 3 2\n2 3 3 1 2 6\n3 3 6 1 3 2\n4 3 3 4 2 2\n2 3 4 3 4 2\n1 3 1 6 3 4\n2 2 4 6 1 2 4\n", "output": "6 1 3 1 3 2\n3 5 4 4 2 2\n4 3 2 3 4 2\n1 2 6 6 3 4\n2 3 6 3 3 6\n1 3 6 4 3 3\n5 3 6 2 3 4\n2 3 3 1 3 1\n"}, {"input": "8 4 4\n63 10 75 88\n79 31 80 68\n20 18 26 64\n75 12 50 57\n61 60 45 55\n59 22 88 98\n83 91 100 86\n36 43 19 8\n6 4 2 5\n", "output": "12 18 31 10 43 91 22 60\n75 20 79 63 36 83 59 61\n57 64 68 88 8 86 98 55\n50 26 80 75 19 100 88 45\n"}, {"input": "4 2 10\n1 3\n5 2\n2 1\n4 2\n1 5 6 2 2 3 4 3 5 5\n", "output": "1 2 3 2\n2 4 1 5\n"}, {"input": "2 10 4\n3 3 4 2 1 2 4 2 1 4\n4 3 2 4 1 4 1 3 1 3\n6 3 1 3\n", "output": "3 3 4 2 1 4 3 2 4 1\n2 4 2 1 4 4 1 3 1 3\n"}, {"input": "10 8 1\n3 3 2 1 2 1 3 3\n1 3 1 3 2 3 2 3\n1 3 3 3 3 2 1 3\n1 2 1 2 1 1 3 3\n3 3 2 1 3 3 2 2\n3 1 3 3 3 3 2 2\n2 1 2 1 1 3 3 2\n1 1 2 3 1 1 3 3\n3 3 2 1 3 1 3 2\n3 1 3 1 1 2 2 2\n3\n", "output": "3 3 1 2 3 3 1 1 1 3\n1 3 1 1 1 3 2 3 3 3\n3 2 2 2 3 2 1 3 1 2\n1 1 3 1 3 1 2 3 3 1\n1 3 1 1 3 3 1 3 2 2\n2 1 1 3 3 3 1 2 3 1\n2 3 3 3 2 2 3 1 2 3\n2 2 3 2 2 2 3 3 3 3\n"}, {"input": "8 6 9\n6 6 6 4 6 5\n2 2 5 5 6 7\n3 8 6 7 6 4\n8 2 6 1 6 4\n7 7 8 3 2 5\n7 5 3 3 3 7\n4 1 6 6 1 6\n7 2 3 2 1 6\n2 1 4 6 5 3 4 5 5\n", "output": "1 7 5 4 2 6 3 3\n6 6 6 6 1 1 3 2\n4 4 7 5 6 6 7 5\n8 3 2 6 7 4 7 7\n2 8 2 6 2 1 5 7\n6 6 5 6 3 6 3 8\n"}, {"input": "8 6 4\n4 2 5 4 2 2\n1 2 2 5 2 2\n5 4 4 5 2 3\n1 1 5 2 3 1\n4 1 3 4 4 2\n5 3 1 1 1 1\n3 1 4 3 1 1\n5 2 1 3 5 1\n6 4 6 2\n", "output": "5 4 2 5 1 4 1 3\n1 4 2 2 2 1 3 1\n1 5 1 4 5 3 5 4\n1 3 2 2 1 1 1 2\n3 2 2 2 5 1 1 4\n2 5 5 4 3 3 1 4\n"}, {"input": "4 10 2\n77040359 4990719 11311087 25799218 1377181 85602448 20920862 85091584 79961165 99102547\n83295232 94282170 68861855 63568761 91922677 57027802 76854858 27608163 98578096 79880778\n72247197 28914728 8170682 79646957 85749241 85347860 72857325 82633495 78394453 38010659\n66570745 90377231 30038713 16741258 39087842 76886932 99515075 64358191 9847936 10392405\n5 2\n", "output": "1377181 25799218 11311087 4990719 77040359 85749241 79646957 8170682 28914728 72247197\n91922677 63568761 68861855 94282170 83295232 39087842 16741258 30038713 90377231 66570745\n99102547 79961165 85091584 20920862 85602448 38010659 78394453 82633495 72857325 85347860\n79880778 98578096 27608163 76854858 57027802 10392405 9847936 64358191 99515075 76886932\n"}, {"input": "2 10 5\n7 8 8 4 4 1 5 3 2 6\n5 4 8 5 5 7 4 7 1 6\n3 4 2 4 3\n", "output": "6 2 3 5 1 4 4 8 8 7\n6 1 7 4 7 5 5 8 4 5\n"}, {"input": "8 10 1\n1 1 1 1 1 2 1 2 2 1\n1 2 2 1 2 2 2 2 1 2\n1 1 1 2 2 1 2 2 2 1\n2 2 2 2 1 1 2 1 1 2\n1 2 1 1 2 2 1 1 2 1\n1 1 2 2 1 1 1 2 2 1\n2 1 1 2 2 1 2 2 1 2\n2 1 1 2 1 1 1 2 1 2\n6\n", "output": "2 1 2 2 1 2 1 1 2 1\n2 2 2 1 2 1 1 2 2 1\n1 2 2 2 1 1 2 2 1 2\n1 2 1 1 2 1 1 2 1 2\n1 1 1 1 1 1 2 1 1 2\n1 2 2 1 2 1 1 2 2 1\n1 1 1 2 2 2 1 1 2 2\n2 2 2 2 1 2 1 1 2 1\n"}, {"input": "6 8 9\n9 6 6 4 5 6 3 8\n9 9 1 7 3 9 7 9\n8 6 1 4 5 6 1 9\n6 7 8 1 3 7 8 2\n7 2 5 5 8 2 5 4\n6 6 8 4 4 8 6 7\n2 4 5 1 4 1 4 4 3\n", "output": "5 3 5 9 9 8\n6 9 6 6 9 6\n3 7 1 6 1 1\n8 9 9 4 7 4\n3 8 4 6 7 6\n7 2 8 7 2 6\n8 5 6 8 5 8\n2 4 7 1 5 4\n"}, {"input": "4 8 4\n1 5 3 2 3 2 4 1\n4 5 5 3 3 1 2 5\n5 5 2 5 3 4 4 2\n5 1 1 3 3 4 2 2\n4 5 5 3\n", "output": "3 4 4 2 5 5 2 5\n3 4 2 2 5 1 1 3\n3 2 4 1 1 5 3 2\n3 1 2 5 4 5 5 3\n"}, {"input": "10 6 8\n8016881 88141467 73581051 60808343 2483281 71279358\n38989030 73574023 32291667 5102650 83231554 69847675\n17085199 21254214 38828715 74392507 81698500 17148637\n72680226 81333142 30624340 23938558 89835915 11224028\n42398917 34545004 47603245 4859746 28373441 77021486\n15426101 94734210 49998870 57595920 64070707 33383576\n80987192 47636257 39921306 33616774 31475898 43188276\n30377028 77577776 21755609 75504735 82303981 7978241\n26449905 77862526 93950387 46797157 37636101 38265265\n47712157 59028045 21786427 45238745 58279696 12725934\n6 1 2 3 5 4 4 3\n", "output": "12725934 58279696 45238745 21786427 59028045 47712157\n38265265 37636101 46797157 93950387 77862526 26449905\n7978241 82303981 75504735 21755609 77577776 30377028\n43188276 31475898 33616774 39921306 47636257 80987192\n33383576 64070707 57595920 49998870 94734210 15426101\n77021486 28373441 4859746 47603245 34545004 42398917\n11224028 89835915 23938558 30624340 81333142 72680226\n17148637 81698500 74392507 38828715 21254214 17085199\n69847675 83231554 5102650 32291667 73574023 38989030\n71279358 2483281 60808343 73581051 88141467 8016881\n"}, {"input": "8 2 8\n1 4\n3 2\n1 8\n4 2\n7 5\n7 4\n8 2\n3 8\n4 1 4 1 1 1 4 4\n", "output": "8 3\n2 8\n4 7\n5 7\n2 4\n8 1\n2 3\n4 1\n"}, {"input": "10 8 3\n1 6 3 1 4 4 5 6\n5 1 6 4 4 2 6 1\n1 6 5 4 5 4 4 4\n6 5 4 2 3 1 3 6\n6 6 6 5 2 1 1 4\n4 6 2 4 2 2 3 3\n6 5 5 4 4 6 5 6\n4 6 3 4 6 5 6 1\n3 2 4 3 1 3 6 4\n5 2 1 4 3 2 3 3\n2 1 5\n", "output": "4 1 1 2 3 3 2 3\n6 3 1 3 4 6 3 1\n4 4 4 5 1 6 5 6\n1 6 2 4 6 5 6 4\n6 5 4 4 3 3 2 2\n5 6 6 6 4 1 2 5\n2 4 5 6 3 4 2 3\n4 5 6 1 4 3 6 4\n4 6 1 5 4 5 5 6\n1 3 6 1 4 2 6 4\n"}, {"input": "6 8 7\n1 1 1 2 1 1 1 1\n1 2 1 2 2 2 2 2\n1 2 1 2 1 2 1 1\n1 1 2 2 1 2 2 1\n1 2 1 2 1 2 1 1\n2 1 1 2 1 1 2 2\n6 2 4 3 1 5 3\n", "output": "1 2 1 1 1 2\n1 2 1 2 1 2\n1 2 2 2 2 1\n1 2 1 1 1 1\n2 2 2 2 2 2\n1 1 1 2 1 1\n1 2 2 1 2 1\n1 1 1 1 1 2\n"}, {"input": "6 6 6\n6 2 6 7 5 5\n9 9 2 4 4 6\n1 3 6 3 6 7\n8 1 3 2 7 1\n5 9 4 7 2 8\n8 9 2 1 9 5\n1 4 4 4 4 6\n", "output": "1 9 5 3 6 7\n7 2 8 4 4 6\n2 7 1 7 5 5\n8 9 2 1 3 6\n5 9 4 9 9 2\n8 1 3 6 2 6\n"}, {"input": "2 6 10\n2 3 2 2 3 2\n3 3 3 3 1 3\n3 5 2 3 5 2 2 4 3 1\n", "output": "3 1 3 3 3 3\n2 3 2 2 3 2\n"}, {"input": "10 2 6\n81 77\n63 76\n71 67\n24 39\n12 79\n60 93\n87 63\n43 47\n92 40\n70 77\n6 1 2 5 3 4\n", "output": "77 70\n40 92\n47 43\n63 87\n93 60\n79 12\n39 24\n67 71\n76 63\n77 81\n"}, {"input": "8 10 9\n7 4 2 4 1 6 5 2 7 4\n5 3 1 6 7 3 4 5 3 5\n1 2 3 7 6 7 2 2 7 4\n2 6 7 4 1 5 6 7 7 4\n3 2 1 2 6 7 3 3 3 5\n7 5 7 3 6 1 3 7 4 2\n3 4 7 5 4 2 3 7 6 3\n5 5 5 5 3 7 7 6 2 6\n2 1 3 1 1 2 5 4 4\n", "output": "6 3 7 5 7 5 1 2\n5 4 2 6 4 3 2 6\n2 5 2 7 2 1 3 7\n7 3 7 7 4 6 7 4\n4 5 4 4 1 7 6 1\n7 1 2 7 3 7 3 5\n3 3 3 7 2 5 4 5\n3 7 7 6 1 7 7 5\n3 4 6 2 2 3 5 5\n5 2 3 6 6 6 4 3\n"}, {"input": "6 10 9\n1 1 2 1 3 2 1 3 1 1\n2 3 3 3 3 3 2 3 3 1\n3 1 1 1 2 3 1 2 2 3\n1 3 2 3 2 2 3 1 3 3\n3 3 1 3 3 2 1 3 3 3\n3 2 1 3 2 3 3 2 2 1\n4 2 5 3 1 6 3 4 3\n", "output": "3 3 2 3 2 2\n1 2 1 3 1 3\n2 3 3 2 3 1\n2 3 1 2 3 3\n3 1 1 1 3 3\n3 2 1 3 3 1\n1 3 1 2 3 3\n1 3 2 1 1 2\n1 3 1 3 3 3\n2 3 3 2 3 2\n"}, {"input": "4 8 7\n10 1 3 4 3 5 9 6\n5 9 4 10 6 4 10 1\n2 3 1 9 5 3 6 8\n10 8 1 1 4 2 1 7\n2 3 2 5 1 1 3\n", "output": "2 3 1 9 10 1 3 4\n10 8 1 1 5 9 4 10\n5 3 6 8 3 5 9 6\n4 2 1 7 6 4 10 1\n"}, {"input": "10 8 10\n2 4 2 3 1 1 1 3\n1 4 1 4 1 4 1 4\n4 3 4 1 1 2 4 1\n1 2 3 4 4 3 2 2\n4 3 4 3 4 4 3 4\n3 3 4 4 3 2 2 1\n2 2 3 3 4 2 4 1\n3 2 4 4 1 1 4 1\n2 4 1 3 3 4 1 3\n4 4 2 2 3 4 2 3\n6 4 2 6 6 5 4 1 2 5\n", "output": "4 3 4 3 4 4 2 2\n1 2 3 4 2 4 1 3\n4 3 4 1 3 2 4 4\n1 4 1 4 2 2 3 3\n2 4 2 3 3 3 4 4\n4 4 3 4 3 4 2 3\n4 3 2 2 3 4 1 3\n1 2 4 1 1 1 4 1\n1 4 1 4 4 2 4 1\n1 1 1 3 3 2 2 1\n"}, {"input": "10 8 10\n3 33 23 94 72 82 76 78\n25 87 74 89 35 21 85 49\n38 18 100 41 28 97 38 61\n46 29 89 6 54 30 82 11\n47 27 75 33 56 90 84 20\n89 50 7 71 55 49 36 16\n33 15 25 53 14 5 66 48\n28 11 18 13 68 29 33 91\n4 23 4 34 79 49 76 68\n64 32 12 79 96 15 74 12\n1 6 2 4 3 1 4 6 6 2\n", "output": "47 46 38 25 3 56 54 28 35 72\n27 29 18 87 33 90 30 97 21 82\n75 89 100 74 23 84 82 38 85 76\n33 6 41 89 94 20 11 61 49 78\n64 4 28 33 89 96 79 68 14 55\n32 23 11 15 50 15 49 29 5 49\n12 4 18 25 7 74 76 33 66 36\n79 34 13 53 71 12 68 91 48 16\n"}, {"input": "10 8 1\n80 91 76 5 69 92 19 46\n53 13 63 3 67 20 82 96\n85 36 26 1 20 78 19 45\n26 57 98 71 78 11 52 52\n24 13 23 10 75 79 16 36\n21 30 67 8 66 100 31 55\n49 19 99 69 29 7 90 6\n54 19 16 30 70 8 7 6\n72 30 67 21 80 29 77 84\n93 41 64 42 69 58 43 5\n3\n", "output": "93 72 54 49 21 24 26 85 53 80\n41 30 19 19 30 13 57 36 13 91\n64 67 16 99 67 23 98 26 63 76\n42 21 30 69 8 10 71 1 3 5\n69 80 70 29 66 75 78 20 67 69\n58 29 8 7 100 79 11 78 20 92\n43 77 7 90 31 16 52 19 82 19\n5 84 6 6 55 36 52 45 96 46\n"}, {"input": "8 10 1\n4 5 5 4 3 5 4 2 2 1\n3 5 1 5 1 2 1 1 1 2\n1 3 4 1 2 1 5 4 5 3\n4 3 1 1 4 4 2 2 2 1\n5 4 3 3 2 4 5 3 2 3\n5 3 1 5 4 1 1 5 3 2\n5 2 5 3 5 2 5 3 1 5\n1 5 2 1 2 2 5 1 2 5\n4\n", "output": "1 2 3 1 3 2 5 5\n2 1 5 2 2 3 1 2\n2 1 4 2 3 5 3 1\n4 1 5 2 5 1 5 5\n5 2 1 4 4 1 2 2\n3 1 2 4 2 4 5 2\n4 5 1 1 3 5 3 1\n5 1 4 1 3 1 5 2\n5 5 3 3 4 3 2 5\n4 3 1 4 5 5 5 1\n"}, {"input": "6 8 5\n26435209 89574072 63625253 43935 61113948 69049267 52771135 23380068\n22178382 96394715 26433561 35174203 14962986 59828521 37543970 14007694\n29315361 45880731 69960555 90370829 14347079 54351025 98841130 99302698\n50687253 41011954 4093243 64049054 30992613 59230821 95398298 1432546\n50581626 21145368 90195690 41814711 99018101 81610909 95145201 75977119\n10071008 53048200 68773913 9918817 87368616 98160114 59942897 6818697\n1 5 2 5 4\n", "output": "10071008 50581626 50687253 29315361 22178382 26435209\n53048200 21145368 41011954 45880731 96394715 89574072\n68773913 90195690 4093243 69960555 26433561 63625253\n9918817 41814711 64049054 90370829 35174203 43935\n87368616 99018101 30992613 14347079 14962986 61113948\n98160114 81610909 59230821 54351025 59828521 69049267\n59942897 95145201 95398298 98841130 37543970 52771135\n6818697 75977119 1432546 99302698 14007694 23380068\n"}, {"input": "2 8 10\n2 1 6 2 3 4 5 7\n2 6 6 4 4 5 1 3\n5 1 2 6 3 4 1 5 2 5\n", "output": "2 1 6 2 3 4 5 7\n2 6 6 4 4 5 1 3\n"}, {"input": "10 6 4\n2 2 3 4 3 2\n4 2 2 1 3 2\n1 2 1 4 1 2\n3 1 3 4 2 3\n4 3 3 1 1 3\n3 1 3 4 4 4\n4 3 2 1 4 2\n3 2 1 4 3 2\n4 3 1 1 2 1\n4 4 4 3 3 2\n3 1 4 2\n", "output": "2 2 3 4 3 2\n4 2 2 1 3 2\n1 2 1 4 1 2\n3 1 3 4 2 3\n4 3 3 1 1 3\n3 1 3 4 4 4\n4 3 2 1 4 2\n3 2 1 4 3 2\n4 3 1 1 2 1\n4 4 4 3 3 2\n"}, {"input": "8 10 2\n2 47 31 23 70 95 74 85 70 16\n81 8 15 78 13 97 31 14 52 65\n67 4 36 20 1 1 22 22 74 38\n4 34 74 75 88 54 95 46 91 97\n94 73 34 89 82 87 9 69 63 60\n35 51 24 32 83 75 45 4 26 7\n66 93 43 81 86 75 85 64 77 55\n1 83 99 14 61 57 79 88 42 55\n4 2\n", "output": "55 55 7 60 97 38 65 16\n42 77 26 63 91 74 52 70\n88 64 4 69 46 22 14 85\n79 85 45 9 95 22 31 74\n57 75 75 87 54 1 97 95\n61 86 83 82 88 1 13 70\n14 81 32 89 75 20 78 23\n99 43 24 34 74 36 15 31\n83 93 51 73 34 4 8 47\n1 66 35 94 4 67 81 2\n"}, {"input": "6 2 1\n3 5\n4 6\n4 4\n4 2\n3 3\n4 1\n6\n", "output": "5 2\n6 3\n4 1\n3 4\n4 3\n4 4\n"}, {"input": "2 10 5\n1 2 1 2 1 2 1 1 1 2\n1 1 2 2 2 2 1 1 1 2\n6 3 5 3 4\n", "output": "1 1\n1 2\n2 1\n2 2\n2 1\n2 2\n1 1\n1 1\n1 1\n2 2\n"}, {"input": "8 8 1\n3 5 1 7 7 7 5 8\n3 4 2 3 2 7 2 1\n2 4 3 5 4 6 1 9\n8 3 4 8 6 7 4 5\n4 6 4 3 6 9 3 7\n4 2 2 4 3 7 2 8\n3 4 3 9 7 3 5 8\n7 1 5 2 3 7 4 1\n6\n", "output": "7 7 5 8 6 9 3 7\n2 7 2 1 3 7 2 8\n4 6 1 9 7 3 5 8\n6 7 4 5 3 7 4 1\n3 5 1 7 4 6 4 3\n3 4 2 3 4 2 2 4\n2 4 3 5 3 4 3 9\n8 3 4 8 7 1 5 2\n"}, {"input": "8 8 8\n1 5 2 3 3 4 2 1\n3 3 3 1 4 3 3 4\n4 1 5 5 5 1 4 4\n3 4 1 3 1 2 1 2\n1 2 1 3 2 5 5 4\n1 4 3 5 4 5 4 3\n1 1 5 3 5 5 1 3\n3 5 5 5 4 4 2 4\n5 3 3 2 5 2 4 3\n", "output": "4 2 4 4 5 5 5 3\n3 1 5 5 3 5 1 1\n3 4 5 4 5 3 4 1\n4 5 5 2 3 1 2 1\n2 1 2 1 3 1 4 3\n4 4 1 5 5 5 1 4\n4 3 3 4 1 3 3 3\n1 2 4 3 3 2 5 1\n"}, {"input": "2 10 6\n1 2 3 2 2 1 2 2 2 1\n3 2 2 2 1 3 2 1 1 1\n2 3 5 1 6 4\n", "output": "3 2 1 1 1 3 2 2 2 1\n1 2 2 2 1 1 2 3 2 2\n"}]