[{"input": "9 1\n0 29104 17826 57817 17035 72205 53916 50588 53421\n29104 0 77385 13016 82946 76002 21673 19473 94586\n17826 77385 0 7140 84527 1671 26969 61821 62910\n57817 13016 7140 0 10669 5754 29140 94144 19642\n17035 82946 84527 10669 0 25469 60225 89564 38712\n72205 76002 1671 5754 25469 0 33019 11881 68290\n53916 21673 26969 29140 60225 33019 0 50813 14876\n50588 19473 61821 94144 89564 11881 50813 0 92453\n53421 94586 62910 19642 38712 68290 14876 92453 0\n", "output": "94544\n"}, {"input": "9 6\n0 2 3 5 4 5 5 1 4\n2 0 1 4 3 3 2 2 3\n3 1 0 0 4 4 3 1 2\n5 4 0 0 0 3 2 2 3\n4 3 4 0 0 4 5 0 4\n5 3 4 3 4 0 4 4 4\n5 2 3 2 5 4 0 0 2\n1 2 1 2 0 4 0 0 4\n4 3 2 3 4 4 2 4 0\n", "output": "0\n"}, {"input": "7 4\n0 94 84 1 3 60 8\n56 0 5 72 81 2 51\n64 6 0 61 89 2 81\n10 78 85 0 5 54 9\n7 92 55 10 0 55 10\n68 8 7 71 65 0 72\n1 92 64 3 5 76 0\n", "output": "4\n"}, {"input": "1 1\n0\n", "output": "0\n"}, {"input": "9 6\n0 9 58 58 94 8 86 55 97\n1 0 58 68 68 1 56 74 74\n72 67 0 5 62 64 10 80 6\n99 80 2 0 71 84 3 70 9\n66 70 67 52 0 74 85 2 71\n4 3 94 85 72 0 90 59 55\n91 73 10 8 89 71 0 73 6\n70 61 62 72 3 55 75 0 59\n95 76 10 6 69 68 2 58 0\n", "output": "5\n"}, {"input": "9 8\n0 0 2 0 3 4 5 4 0\n0 0 4 5 4 2 1 0 3\n2 4 0 2 4 0 1 1 2\n0 5 2 0 2 5 0 2 5\n3 4 4 2 0 1 1 5 3\n4 2 0 5 1 0 1 5 5\n5 1 1 0 1 1 0 1 4\n4 0 1 2 5 5 1 0 3\n0 3 2 5 3 5 4 3 0\n", "output": "0\n"}, {"input": "7 5\n0 3 3 2 5 4 0\n3 0 1 5 1 1 0\n3 1 0 4 4 5 3\n2 5 4 0 5 3 4\n5 1 4 5 0 4 5\n4 1 5 3 4 0 3\n0 0 3 4 5 3 0\n", "output": "0\n"}, {"input": "5 3\n0 4 2 1 86\n1 0 8 2 90\n6 6 0 6 93\n2 8 7 0 96\n55 70 82 96 0\n", "output": "2\n"}, {"input": "9 2\n0 30789 39905 79968 61679 25733 31948 45475 87870\n78908 0 41579 31765 93246 79418 92843 97940 17589\n38265 2876 0 97773 4371 52755 61461 82103 33443\n7477 55500 28768 0 2916 42312 11124 54215 83900\n83889 78829 40795 10628 0 10689 4735 42792 41291\n59846 42345 82175 8873 8939 0 21646 68802 35764\n43934 7260 27922 61017 85618 36218 0 99129 83308\n82397 57136 37743 32786 23175 16756 51402 0 48630\n74926 13315 40141 30956 82018 68507 27697 84543 0\n", "output": "56731\n"}, {"input": "8 8\n0 4769 87300 41526 95288 19626 14484 7034\n4769 0 83851 77023 7753 71776 68694 1691\n87300 83851 0 49423 57699 41424 63179 81694\n41526 77023 49423 0 23191 69173 58512 6216\n95288 7753 57699 23191 0 79775 34497 32234\n19626 71776 41424 69173 79775 0 50344 95087\n14484 68694 63179 58512 34497 50344 0 96315\n7034 1691 81694 6216 32234 95087 96315 0\n", "output": "0\n"}, {"input": "6 3\n0 2 3 3 2 3\n2 0 1 0 1 4\n3 1 0 1 2 3\n3 0 1 0 5 0\n2 1 2 5 0 5\n3 4 3 0 5 0\n", "output": "1\n"}, {"input": "10 1\n0 93567 88188 50577 82328 27937 81074 12792 78292 63637\n89610 0 33037 43077 88629 36963 12841 26733 17578 48784\n86113 64721 0 11950 12051 25748 94668 56916 22883 38669\n89162 20080 61305 0 80896 87406 26922 34933 85828 79748\n98087 27390 92012 58580 0 50160 65118 21027 89777 63245\n86589 53813 49470 17079 59224 0 42753 96549 3777 86359\n76139 25519 17630 89153 31385 52925 0 31399 62630 7645\n5594 11526 5834 22760 86465 39778 1696 0 82684 17890\n70785 47909 43571 41285 68960 64591 63842 26149 0 94988\n68313 38069 29853 98759 55456 7270 92304 10714 77151 0\n", "output": "99078\n"}, {"input": "4 4\n0 4 98 64\n7 0 91 82\n100 57 0 65\n52 56 90 0\n", "output": "0\n"}, {"input": "8 6\n0 3 1 7 8 7 6 10\n3 0 7 8 3 4 5 5\n1 7 0 4 3 5 5 3\n7 8 4 0 5 8 7 9\n8 3 3 5 0 1 7 5\n7 4 5 8 1 0 6 6\n6 5 5 7 7 6 0 8\n10 5 3 9 5 6 8 0\n", "output": "2\n"}, {"input": "6 6\n0 1 1 0 1 0\n2 0 0 1 0 1\n3 4 0 1 0 3\n4 3 0 0 5 0\n4 5 0 4 0 0\n0 5 2 0 5 0\n", "output": "0\n"}, {"input": "4 3\n0 42104 70861 5856\n42104 0 61155 53864\n70861 61155 0 43950\n5856 53864 43950 0\n", "output": "5856\n"}, {"input": "4 1\n0 76471 25885 27738\n14468 0 92291 29401\n79123 72451 0 11633\n56689 43574 8938 0\n", "output": "49291\n"}, {"input": "2 1\n0 2\n0 0\n", "output": "0\n"}, {"input": "6 6\n0 80262 5641 61709 76431 70857\n48271 0 28819 89185 48336 33125\n17823 28314 0 32576 79393 87121\n15209 29418 64287 0 89957 64966\n61563 20848 38400 44257 0 51678\n31340 54806 77873 15472 89710 0\n", "output": "0\n"}, {"input": "10 6\n0 55854 38449 44165 96660 88256 80270 82844 84059 77745\n55854 0 84275 40476 65912 88872 60076 75237 35883 35404\n38449 84275 0 70172 71909 49179 3352 88642 58348 16345\n44165 40476 70172 0 58540 67712 93320 87213 32175 44127\n96660 65912 71909 58540 0 12224 57528 32846 8815 55026\n88256 88872 49179 67712 12224 0 74758 82475 96915 49389\n80270 60076 3352 93320 57528 74758 0 31637 10892 68673\n82844 75237 88642 87213 32846 82475 31637 0 55239 32559\n84059 35883 58348 32175 8815 96915 10892 55239 0 77364\n77745 35404 16345 44127 55026 49389 68673 32559 77364 0\n", "output": "35283\n"}, {"input": "9 7\n0 1 3 5 3 4 1 3 0\n1 0 0 3 4 2 5 1 4\n3 0 0 1 5 5 1 3 4\n5 3 1 0 5 1 0 2 3\n3 4 5 5 0 0 3 2 2\n4 2 5 1 0 0 2 4 2\n1 5 1 0 3 2 0 2 4\n3 1 3 2 2 4 2 0 3\n0 4 4 3 2 2 4 3 0\n", "output": "0\n"}, {"input": "9 5\n0 27611 39845 81500 28440 67062 14373 28691 5626\n93637 0 70182 78814 73081 67459 47474 86340 36492\n77030 96419 0 15409 33663 38771 57161 59157 570\n88886 83417 1025 0 61306 43038 62485 94075 34138\n50174 70315 68545 49176 0 12782 64404 70 9878\n11219 64993 25080 82525 78442 0 34752 62463 71128\n46435 18717 92912 90831 8986 36221 0 95808 68523\n21787 10995 52168 12871 60340 99016 77553 0 46497\n81128 99988 72073 58027 76327 36080 90266 51602 0\n", "output": "7291\n"}, {"input": "7 7\n0 0 1 4 1 5 1\n0 0 4 1 5 0 0\n0 3 0 3 0 1 5\n4 5 5 0 0 2 1\n4 0 2 0 0 4 2\n0 3 3 1 4 0 4\n1 2 4 1 2 1 0\n", "output": "0\n"}, {"input": "1 1\n0\n", "output": "0\n"}, {"input": "9 9\n0 49246 46044 28994 89628 41280 20850 25971 72473\n54008 0 75770 69595 16057 64315 97203 94898 24946\n71731 68833 0 38868 26598 68347 89950 55067 13609\n5448 96862 87012 0 11550 6184 90328 43225 25619\n77886 70568 68206 55448 0 4873 99472 49706 96250\n66521 78125 31992 38962 27587 0 9259 98190 2149\n97937 83034 32684 19190 99501 80973 0 61404 32116\n82626 91744 60149 95442 42804 83116 79769 0 24173\n49167 13745 51760 25769 74787 80596 73414 42126 0\n", "output": "0\n"}, {"input": "3 3\n0 81 6\n63 0 62\n3 57 0\n", "output": "0\n"}, {"input": "7 7\n0 3951 54663 73003 39092 81397 71868\n70526 0 50018 63923 71053 75745 67458\n97889 63707 0 29212 6614 87539 92537\n16500 79420 19147 0 18569 22831 70172\n26349 77069 29370 42508 0 31046 14548\n35891 51957 85677 53027 87747 0 45650\n22055 29004 95947 67047 60191 32094 0\n", "output": "0\n"}, {"input": "5 4\n0 3 7 59 96\n3 0 5 53 68\n7 5 0 100 67\n59 53 100 0 10\n96 68 67 10 0\n", "output": "3\n"}, {"input": "9 6\n0 92 87 77 8 10 8 83 77\n68 0 86 89 77 68 66 66 50\n92 82 0 9 58 90 64 4 2\n91 84 9 0 75 58 66 9 7\n9 56 55 92 0 8 7 94 71\n7 69 65 60 5 0 6 81 71\n5 85 62 63 5 9 0 90 55\n71 63 1 3 55 98 69 0 5\n72 80 8 6 79 98 86 1 0\n", "output": "6\n"}, {"input": "5 4\n0 88 89 3 98\n88 0 2 76 2\n89 2 0 70 4\n3 76 70 0 97\n98 2 4 97 0\n", "output": "2\n"}, {"input": "3 2\n0 3 3\n3 0 2\n3 2 0\n", "output": "2\n"}, {"input": "3 3\n0 66 94\n66 0 6\n94 6 0\n", "output": "0\n"}, {"input": "1 1\n0\n", "output": "0\n"}, {"input": "5 2\n0 27630 21472 85940 49738\n14262 0 9935 67815 34597\n67851 10197 0 77468 81919\n85937 74568 20666 0 42187\n249 42868 22501 29924 0\n", "output": "24708\n"}, {"input": "9 7\n0 6 53 54 73 2 6 61 1\n6 0 56 90 91 9 1 93 2\n69 93 0 5 10 70 79 60 64\n51 53 6 0 10 57 74 67 74\n88 83 5 1 0 83 59 100 74\n7 1 86 59 68 0 7 67 3\n5 8 85 72 73 1 0 76 8\n61 55 71 72 75 83 83 0 73\n8 6 92 61 59 4 5 52 0\n", "output": "2\n"}, {"input": "3 2\n0 4 3\n5 0 1\n0 2 0\n", "output": "0\n"}, {"input": "2 2\n0 2\n1 0\n", "output": "0\n"}, {"input": "10 7\n0 2 4 0 2 3 5 2 2 0\n1 0 0 4 1 2 4 1 3 0\n0 0 0 1 5 4 2 2 4 1\n3 4 4 0 0 5 4 3 4 4\n4 2 1 4 0 4 5 5 3 5\n4 0 2 2 4 0 4 5 1 5\n5 1 4 1 4 1 0 3 4 5\n5 5 4 3 4 1 5 0 5 2\n0 5 5 5 4 3 2 0 0 2\n1 3 2 4 0 3 1 5 2 0\n", "output": "0\n"}, {"input": "10 10\n0 5 5 0 5 2 1 0 2 3\n2 0 3 4 3 4 2 1 3 3\n1 5 0 3 2 1 4 2 0 3\n0 2 2 0 0 0 3 1 3 0\n5 3 0 5 0 2 4 5 3 2\n1 2 0 4 4 0 5 0 4 0\n2 1 5 2 0 3 0 0 5 0\n4 1 3 1 3 5 4 0 5 0\n1 0 5 4 5 2 2 1 0 2\n5 3 2 3 5 5 0 4 5 0\n", "output": "0\n"}, {"input": "10 5\n0 4 67 10 76 80 62 67 87 64\n4 0 70 6 58 60 99 59 53 61\n67 70 0 95 8 1 3 3 8 7\n10 6 95 0 93 73 57 65 61 94\n76 58 8 93 0 10 5 3 2 3\n80 60 1 73 10 0 1 9 5 9\n62 99 3 57 5 1 0 6 3 3\n67 59 3 65 3 9 6 0 3 10\n87 53 8 61 2 5 3 3 0 3\n64 61 7 94 3 9 3 10 3 0\n", "output": "10\n"}, {"input": "4 1\n0 65 61 75\n61 0 5 6\n70 6 0 7\n80 1 6 0\n", "output": "67\n"}, {"input": "8 5\n0 82749 12906 86079 50328 71178 38075 80060\n82749 0 97956 88666 26092 31920 27798 36427\n12906 97956 0 57029 80649 35845 23189 13032\n86079 88666 57029 0 11206 10076 68081 444\n50328 26092 80649 11206 0 70770 88011 13136\n71178 31920 35845 10076 70770 0 24163 40653\n38075 27798 23189 68081 88011 24163 0 14071\n80060 36427 13032 444 13136 40653 14071 0\n", "output": "21726\n"}, {"input": "6 2\n0 85030 34837 79391 52539 55912\n163 0 76371 66443 39251 32637\n21124 32602 0 20395 15873 30026\n99910 49140 91874 0 77833 81974\n17784 45655 17875 62834 0 7354\n91078 7902 25814 48138 97004 0\n", "output": "31292\n"}, {"input": "10 1\n0 5 4 5 0 3 5 1 3 4\n5 0 4 3 2 5 2 5 0 1\n4 4 0 0 2 2 3 5 0 1\n5 3 0 0 2 2 4 0 2 4\n0 2 2 2 0 2 0 1 3 3\n3 5 2 2 2 0 1 2 3 4\n5 2 3 4 0 1 0 3 1 4\n1 5 5 0 1 2 3 0 3 2\n3 0 0 2 3 3 1 3 0 3\n4 1 1 4 3 4 4 2 3 0\n", "output": "3\n"}, {"input": "4 4\n0 2 4 1\n2 0 0 3\n4 0 0 0\n1 3 0 0\n", "output": "0\n"}, {"input": "8 2\n0 55829 85793 78681 8067 14151 31591 89591\n51212 0 54627 81994 22266 47686 83987 14103\n40082 31691 0 14974 35087 86992 21077 99462\n23091 3199 75230 0 25215 85945 4742 19684\n77748 96938 58259 40210 0 65304 62829 36467\n85322 83460 7666 25656 86515 0 65271 16583\n11201 42673 83592 97322 78806 96532 0 676\n8427 48311 60939 11734 59013 62809 42419 0\n", "output": "42138\n"}, {"input": "6 6\n0 6 3 7 10 4\n8 0 6 1 1 1\n2 6 0 9 7 3\n8 8 7 0 5 9\n4 6 1 5 0 9\n4 7 6 5 6 0\n", "output": "0\n"}, {"input": "4 4\n0 57 57 71\n86 0 54 5\n59 100 0 66\n83 3 94 0\n", "output": "0\n"}, {"input": "4 3\n0 4 2 2\n3 0 4 0\n2 1 0 2\n0 1 1 0\n", "output": "0\n"}, {"input": "1 1\n0\n", "output": "0\n"}]